0.0 0.4285714285714284
0.0001 3.0
0.0002 1.2857142857142856
0.00030000000000000003 -3.0
0.0004 -0.4285714285714288
0.0005 -0.4285714285714288
0.0006000000000000001 -0.4285714285714288
0.0007 3.0
0.0008 -2.142857142857143
0.0009000000000000001 -0.4285714285714288
0.001 1.2857142857142856
0.0011 -1.2857142857142858
0.0012000000000000001 0.4285714285714284
0.0013000000000000002 3.0
0.0014 2.1428571428571423
0.0015 -3.0
0.0016 -3.0
0.0017000000000000001 0.4285714285714284
0.0018000000000000002 -1.2857142857142858
0.0019 -2.142857142857143
0.002 2.1428571428571423
0.0021000000000000003 3.0
0.0022 3.0
0.0023 2.1428571428571423
0.0024000000000000002 -3.0
0.0025 -2.142857142857143
0.0026000000000000003 1.2857142857142856
0.0027 -2.142857142857143
0.0028 1.2857142857142856
0.0029000000000000002 -3.0
0.003 -2.142857142857143
0.0031000000000000003 0.4285714285714284
0.0032 -0.4285714285714288
0.0033 -3.0
0.0034000000000000002 -0.4285714285714288
0.0035 1.2857142857142856
0.0036000000000000003 2.1428571428571423
0.0037 3.0
0.0038 3.0
0.0039000000000000003 -3.0
0.004 -1.2857142857142858
0.0041 -0.4285714285714288
0.004200000000000001 -3.0
0.0043 -2.142857142857143
0.0044 -0.4285714285714288
0.0045000000000000005 1.2857142857142856
0.0046 -0.4285714285714288
0.0047 -0.4285714285714288
0.0048000000000000004 2.1428571428571423
0.0049 3.0
0.005 -3.0
0.0051 -2.142857142857143
0.005200000000000001 -2.142857142857143
0.0053 -2.142857142857143
0.0054 3.0
0.0055000000000000005 -3.0
0.0056 3.0
0.0057 -1.2857142857142858
0.0058000000000000005 0.4285714285714284
0.0059 3.0
0.006 -0.4285714285714288
0.0061 2.1428571428571423
0.006200000000000001 -0.4285714285714288
0.0063 -1.2857142857142858
0.0064 3.0
0.006500000000000001 0.4285714285714284
0.0066 -1.2857142857142858
0.0067 -3.0
0.0068000000000000005 -3.0
0.006900000000000001 0.4285714285714284
0.007 1.2857142857142856
0.0071 1.2857142857142856
0.007200000000000001 2.1428571428571423
0.0073 -3.0
0.0074 0.4285714285714284
0.007500000000000001 -2.142857142857143
0.0076 3.0
0.0077 0.4285714285714284
0.0078000000000000005 -2.142857142857143
0.0079 -1.2857142857142858
0.008 -1.2857142857142858
0.0081 3.0
0.0082 -3.0
0.0083 -2.142857142857143
0.008400000000000001 -2.142857142857143
0.0085 3.0
0.0086 -2.142857142857143
0.008700000000000001 -2.142857142857143
0.0088 -0.4285714285714288
0.0089 2.1428571428571423
0.009000000000000001 3.0
0.0091 -0.4285714285714288
0.0092 2.1428571428571423
0.009300000000000001 -1.2857142857142858
0.0094 -0.4285714285714288
0.0095 -3.0
0.009600000000000001 2.1428571428571423
0.0097 -0.4285714285714288
0.0098 1.2857142857142856
0.0099 0.4285714285714284
0.01 -2.142857142857143
0.010100000000000001 -1.2857142857142858
0.0102 0.4285714285714284
0.0103 -0.4285714285714288
0.010400000000000001 0.4285714285714284
0.0105 2.1428571428571423
0.0106 0.4285714285714284
0.010700000000000001 3.0
0.0108 3.0
0.0109 0.4285714285714284
0.011000000000000001 -0.4285714285714288
0.0111 0.4285714285714284
0.0112 0.4285714285714284
0.011300000000000001 0.4285714285714284
0.0114 -3.0
0.0115 2.1428571428571423
0.011600000000000001 3.0
0.0117 0.4285714285714284
0.0118 -0.4285714285714288
0.0119 -1.2857142857142858
0.012 3.0
0.012100000000000001 3.0
0.0122 1.2857142857142856
0.0123 1.2857142857142856
0.012400000000000001 1.2857142857142856
0.0125 -3.0
0.0126 -2.142857142857143
0.012700000000000001 1.2857142857142856
0.0128 -2.142857142857143
0.0129 -0.4285714285714288
0.013000000000000001 -3.0
0.0131 3.0
0.0132 1.2857142857142856
0.013300000000000001 2.1428571428571423
0.0134 -3.0
0.0135 -2.142857142857143
0.013600000000000001 -1.2857142857142858
0.0137 0.4285714285714284
0.013800000000000002 -1.2857142857142858
0.013900000000000001 -3.0
0.014 1.2857142857142856
0.014100000000000001 -0.4285714285714288
0.0142 -1.2857142857142858
0.0143 -1.2857142857142858
0.014400000000000001 1.2857142857142856
0.0145 -3.0
0.0146 3.0
0.014700000000000001 1.2857142857142856
0.0148 -2.142857142857143
0.0149 3.0
0.015000000000000001 -3.0
0.0151 -1.2857142857142858
0.0152 -1.2857142857142858
0.015300000000000001 -0.4285714285714288
0.0154 -1.2857142857142858
0.0155 3.0
0.015600000000000001 3.0
0.015700000000000002 -0.4285714285714288
0.0158 -1.2857142857142858
0.0159 -2.142857142857143
0.016 -1.2857142857142858
0.0161 2.1428571428571423
0.0162 -0.4285714285714288
0.016300000000000002 2.1428571428571423
0.0164 -0.4285714285714288
0.0165 -0.4285714285714288
0.0166 -1.2857142857142858
0.0167 2.1428571428571423
0.016800000000000002 -0.4285714285714288
0.016900000000000002 0.4285714285714284
0.017 -2.142857142857143
0.0171 -1.2857142857142858
0.0172 -0.4285714285714288
0.0173 2.1428571428571423
0.017400000000000002 -2.142857142857143
0.0175 -1.2857142857142858
0.0176 -2.142857142857143
0.0177 0.4285714285714284
0.0178 -1.2857142857142858
0.0179 2.1428571428571423
0.018000000000000002 -0.4285714285714288
0.0181 -3.0
0.0182 -0.4285714285714288
0.0183 -1.2857142857142858
0.0184 -0.4285714285714288
0.018500000000000003 -3.0
0.018600000000000002 -3.0
0.0187 2.1428571428571423
0.0188 -3.0
0.0189 2.1428571428571423
0.019 -0.4285714285714288
0.019100000000000002 2.1428571428571423
0.019200000000000002 -1.2857142857142858
0.0193 -0.4285714285714288
0.0194 -3.0
0.0195 0.4285714285714284
0.0196 -3.0
0.019700000000000002 1.2857142857142856
0.0198 2.1428571428571423
0.0199 -3.0
0.02 1.2857142857142856
0.0201 -1.2857142857142858
0.020200000000000003 -0.4285714285714288
0.020300000000000002 2.1428571428571423
0.0204 -1.2857142857142858
0.0205 -0.4285714285714288
0.0206 1.2857142857142856
0.0207 -3.0
0.020800000000000003 -3.0
0.020900000000000002 -3.0
0.021 -0.4285714285714288
0.0211 3.0
0.0212 -3.0
0.0213 -1.2857142857142858
0.021400000000000002 -1.2857142857142858
0.021500000000000002 -3.0
0.0216 0.4285714285714284
0.0217 -0.4285714285714288
0.0218 0.4285714285714284
0.0219 1.2857142857142856
0.022000000000000002 2.1428571428571423
0.0221 -3.0
0.0222 0.4285714285714284
0.0223 -0.4285714285714288
0.0224 1.2857142857142856
0.022500000000000003 -0.4285714285714288
0.022600000000000002 0.4285714285714284
0.0227 2.1428571428571423
0.0228 1.2857142857142856
0.0229 -2.142857142857143
0.023 1.2857142857142856
0.023100000000000002 -0.4285714285714288
0.023200000000000002 -3.0
0.0233 -3.0
0.0234 -3.0
0.0235 1.2857142857142856
0.0236 1.2857142857142856
0.023700000000000002 2.1428571428571423
0.0238 -2.142857142857143
0.0239 -3.0
0.024 0.4285714285714284
0.0241 -2.142857142857143
0.024200000000000003 2.1428571428571423
0.024300000000000002 1.2857142857142856
0.0244 1.2857142857142856
0.0245 -0.4285714285714288
0.0246 -2.142857142857143
0.0247 -3.0
0.024800000000000003 -3.0
0.024900000000000002 0.4285714285714284
0.025 -0.4285714285714288
0.0251 -0.4285714285714288
0.0252 -2.142857142857143
0.0253 2.1428571428571423
0.025400000000000002 1.2857142857142856
0.025500000000000002 3.0
0.0256 1.2857142857142856
0.0257 3.0
0.0258 -3.0
0.025900000000000003 -3.0
0.026000000000000002 3.0
0.0261 -2.142857142857143
0.0262 -1.2857142857142858
0.0263 -3.0
0.0264 2.1428571428571423
0.026500000000000003 3.0
0.026600000000000002 -0.4285714285714288
0.0267 2.1428571428571423
0.0268 3.0
0.0269 1.2857142857142856
0.027 -2.142857142857143
0.027100000000000003 -2.142857142857143
0.027200000000000002 3.0
0.0273 2.1428571428571423
0.0274 0.4285714285714284
0.0275 -3.0
0.027600000000000003 1.2857142857142856
0.027700000000000002 -3.0
0.027800000000000002 -0.4285714285714288
0.0279 -1.2857142857142858
0.028 3.0
0.0281 -0.4285714285714288
0.028200000000000003 -1.2857142857142858
0.028300000000000002 0.4285714285714284
0.0284 2.1428571428571423
0.0285 -0.4285714285714288
0.0286 2.1428571428571423
0.0287 2.1428571428571423
0.028800000000000003 1.2857142857142856
0.028900000000000002 1.2857142857142856
0.029 3.0
0.0291 -0.4285714285714288
0.0292 -3.0
0.029300000000000003 -0.4285714285714288
0.029400000000000003 -3.0
0.029500000000000002 0.4285714285714284
0.0296 -1.2857142857142858
0.0297 2.1428571428571423
0.0298 -0.4285714285714288
0.029900000000000003 1.2857142857142856
0.030000000000000002 1.2857142857142856
0.030100000000000002 0.4285714285714284
0.0302 3.0
0.0303 -3.0
0.0304 -1.2857142857142858
0.030500000000000003 -0.4285714285714288
0.030600000000000002 -0.4285714285714288
0.0307 -2.142857142857143
0.0308 3.0
0.0309 1.2857142857142856
0.031 -0.4285714285714288
0.031100000000000003 2.1428571428571423
0.031200000000000002 0.4285714285714284
0.0313 1.2857142857142856
0.031400000000000004 1.2857142857142856
0.0315 -0.4285714285714288
0.0316 -0.4285714285714288
0.0317 3.0
0.0318 -2.142857142857143
0.031900000000000005 -2.142857142857143
0.032 -2.142857142857143
0.032100000000000004 3.0
0.0322 -0.4285714285714288
0.0323 2.1428571428571423
0.0324 -1.2857142857142858
0.0325 -1.2857142857142858
0.032600000000000004 0.4285714285714284
0.0327 -0.4285714285714288
0.0328 3.0
0.0329 -2.142857142857143
0.033 -1.2857142857142858
0.033100000000000004 -0.4285714285714288
0.0332 1.2857142857142856
0.0333 3.0
0.0334 3.0
0.0335 1.2857142857142856
0.033600000000000005 1.2857142857142856
0.0337 -2.142857142857143
0.033800000000000004 0.4285714285714284
0.0339 -1.2857142857142858
0.034 -1.2857142857142858
0.0341 -3.0
0.0342 -2.142857142857143
0.034300000000000004 1.2857142857142856
0.0344 -3.0
0.0345 3.0
0.0346 0.4285714285714284
0.0347 -3.0
0.034800000000000005 -0.4285714285714288
0.0349 -1.2857142857142858
0.035 1.2857142857142856
0.0351 2.1428571428571423
0.0352 1.2857142857142856
0.035300000000000005 2.1428571428571423
0.0354 -3.0
0.035500000000000004 2.1428571428571423
0.0356 -3.0
0.0357 1.2857142857142856
0.0358 -2.142857142857143
0.0359 -2.142857142857143
0.036000000000000004 -3.0
0.0361 -0.4285714285714288
0.0362 -3.0
0.0363 -0.4285714285714288
0.0364 -3.0
0.036500000000000005 0.4285714285714284
0.0366 0.4285714285714284
0.0367 -3.0
0.0368 -2.142857142857143
0.0369 -0.4285714285714288
0.037000000000000005 3.0
0.0371 0.4285714285714284
0.037200000000000004 -0.4285714285714288
0.0373 -1.2857142857142858
0.0374 2.1428571428571423
0.0375 1.2857142857142856
0.0376 -2.142857142857143
0.037700000000000004 -2.142857142857143
0.0378 -1.2857142857142858
0.0379 -2.142857142857143
0.038 1.2857142857142856
0.0381 0.4285714285714284
0.038200000000000005 1.2857142857142856
0.0383 -1.2857142857142858
0.038400000000000004 1.2857142857142856
0.0385 1.2857142857142856
0.0386 0.4285714285714284
0.038700000000000005 0.4285714285714284
0.0388 1.2857142857142856
0.038900000000000004 1.2857142857142856
0.039 -1.2857142857142858
0.0391 3.0
0.0392 -0.4285714285714288
0.0393 1.2857142857142856
0.039400000000000004 3.0
0.0395 3.0
0.0396 -0.4285714285714288
0.0397 2.1428571428571423
0.0398 2.1428571428571423
0.039900000000000005 -2.142857142857143
0.04 2.1428571428571423
0.040100000000000004 3.0
0.0402 -1.2857142857142858
0.0403 0.4285714285714284
0.040400000000000005 -0.4285714285714288
0.0405 -0.4285714285714288
0.040600000000000004 -2.142857142857143
0.0407 -2.142857142857143
0.0408 1.2857142857142856
0.0409 2.1428571428571423
0.041 1.2857142857142856
0.041100000000000005 -2.142857142857143
0.0412 -2.142857142857143
0.0413 -1.2857142857142858
0.0414 -3.0
0.0415 -0.4285714285714288
0.041600000000000005 -2.142857142857143
0.0417 0.4285714285714284
0.041800000000000004 -0.4285714285714288
0.0419 -2.142857142857143
0.042 -2.142857142857143
0.042100000000000005 -1.2857142857142858
0.0422 -3.0
0.042300000000000004 2.1428571428571423
0.0424 3.0
0.0425 -3.0
0.0426 -1.2857142857142858
0.0427 0.4285714285714284
0.042800000000000005 2.1428571428571423
0.0429 -3.0
0.043000000000000003 0.4285714285714284
0.0431 3.0
0.0432 -0.4285714285714288
0.043300000000000005 -0.4285714285714288
0.0434 -3.0
0.043500000000000004 -3.0
0.0436 -0.4285714285714288
0.0437 1.2857142857142856
0.0438 -0.4285714285714288
0.0439 2.1428571428571423
0.044000000000000004 3.0
0.0441 -3.0
0.0442 -0.4285714285714288
0.0443 -3.0
0.0444 3.0
0.044500000000000005 3.0
0.0446 1.2857142857142856
0.044700000000000004 -1.2857142857142858
0.0448 -2.142857142857143
0.0449 -3.0
0.045000000000000005 0.4285714285714284
0.0451 3.0
0.045200000000000004 -3.0
0.0453 -0.4285714285714288
0.0454 0.4285714285714284
0.0455 0.4285714285714284
0.0456 -2.142857142857143
0.045700000000000005 -3.0
0.0458 -1.2857142857142858
0.0459 2.1428571428571423
0.046 2.1428571428571423
0.0461 0.4285714285714284
0.046200000000000005 0.4285714285714284
0.0463 -1.2857142857142858
0.046400000000000004 0.4285714285714284
0.0465 2.1428571428571423
0.0466 -0.4285714285714288
0.046700000000000005 -1.2857142857142858
0.0468 -0.4285714285714288
0.046900000000000004 3.0
0.047 -3.0
0.0471 1.2857142857142856
0.0472 1.2857142857142856
0.0473 1.2857142857142856
0.047400000000000005 -3.0
0.0475 -3.0
0.0476 3.0
0.0477 3.0
0.0478 1.2857142857142856
0.047900000000000005 -0.4285714285714288
0.048 0.4285714285714284
0.048100000000000004 3.0
0.0482 0.4285714285714284
0.0483 1.2857142857142856
0.048400000000000006 -1.2857142857142858
0.0485 -1.2857142857142858
0.048600000000000004 0.4285714285714284
0.0487 2.1428571428571423
0.0488 -2.142857142857143
0.0489 -0.4285714285714288
0.049 -0.4285714285714288
0.049100000000000005 -0.4285714285714288
0.0492 -2.142857142857143
0.049300000000000004 -1.2857142857142858
0.0494 1.2857142857142856
0.0495 -1.2857142857142858
0.049600000000000005 -0.4285714285714288
0.0497 2.1428571428571423
0.049800000000000004 1.2857142857142856
0.0499 -1.2857142857142858
0.05 -0.4285714285714288
0.050100000000000006 3.0
0.0502 0.4285714285714284
0.050300000000000004 0.4285714285714284
0.0504 -1.2857142857142858
0.0505 1.2857142857142856
0.0506 3.0
0.0507 -2.142857142857143
0.050800000000000005 2.1428571428571423
0.0509 -1.2857142857142858
0.051000000000000004 1.2857142857142856
0.0511 -3.0
0.0512 2.1428571428571423
0.051300000000000005 -0.4285714285714288
0.0514 -3.0
0.051500000000000004 -1.2857142857142858
0.0516 0.4285714285714284
0.0517 -0.4285714285714288
0.051800000000000006 -1.2857142857142858
0.0519 -2.142857142857143
0.052000000000000005 -1.2857142857142858
0.0521 -2.142857142857143
0.0522 0.4285714285714284
0.0523 1.2857142857142856
0.0524 -2.142857142857143
0.052500000000000005 2.1428571428571423
0.0526 2.1428571428571423
0.052700000000000004 3.0
0.0528 -3.0
0.0529 1.2857142857142856
0.053000000000000005 -3.0
0.0531 3.0
0.053200000000000004 -3.0
0.0533 -3.0
0.0534 2.1428571428571423
0.053500000000000006 -3.0
0.0536 3.0
0.053700000000000005 -2.142857142857143
0.0538 -3.0
0.0539 -0.4285714285714288
0.054 2.1428571428571423
0.0541 -2.142857142857143
0.054200000000000005 3.0
0.0543 0.4285714285714284
0.054400000000000004 -2.142857142857143
0.0545 -1.2857142857142858
0.0546 0.4285714285714284
0.054700000000000006 -3.0
0.0548 -3.0
0.054900000000000004 -1.2857142857142858
0.055 1.2857142857142856
0.0551 3.0
0.055200000000000006 -3.0
0.0553 0.4285714285714284
0.055400000000000005 0.4285714285714284
0.0555 0.4285714285714284
0.055600000000000004 -2.142857142857143
0.0557 3.0
0.0558 2.1428571428571423
0.055900000000000005 2.1428571428571423
0.056 -2.142857142857143
0.056100000000000004 0.4285714285714284
0.0562 -2.142857142857143
0.0563 1.2857142857142856
0.056400000000000006 -2.142857142857143
0.0565 3.0
0.056600000000000004 -0.4285714285714288
0.0567 1.2857142857142856
0.0568 -2.142857142857143
0.056900000000000006 -0.4285714285714288
0.057 1.2857142857142856
0.057100000000000005 3.0
0.0572 -0.4285714285714288
0.057300000000000004 2.1428571428571423
0.0574 2.1428571428571423
0.0575 3.0
0.057600000000000005 -2.142857142857143
0.0577 -2.142857142857143
0.057800000000000004 -2.142857142857143
0.0579 2.1428571428571423
0.058 -3.0
0.058100000000000006 -0.4285714285714288
0.0582 -3.0
0.058300000000000005 0.4285714285714284
0.0584 -2.142857142857143
0.0585 0.4285714285714284
0.058600000000000006 1.2857142857142856
0.0587 -3.0
0.058800000000000005 -0.4285714285714288
0.0589 2.1428571428571423
0.059000000000000004 -1.2857142857142858
0.0591 -2.142857142857143
0.0592 0.4285714285714284
0.059300000000000005 0.4285714285714284
0.0594 0.4285714285714284
0.059500000000000004 -3.0
0.0596 -3.0
0.0597 3.0
0.059800000000000006 -1.2857142857142858
0.0599 1.2857142857142856
0.060000000000000005 -3.0
0.0601 2.1428571428571423
0.060200000000000004 -0.4285714285714288
0.0603 -0.4285714285714288
0.0604 3.0
0.060500000000000005 3.0
0.0606 0.4285714285714284
0.060700000000000004 2.1428571428571423
0.0608 -2.142857142857143
0.0609 0.4285714285714284
0.061000000000000006 -0.4285714285714288
0.0611 3.0
0.061200000000000004 -0.4285714285714288
0.0613 -0.4285714285714288
0.0614 0.4285714285714284
0.061500000000000006 -1.2857142857142858
0.0616 -2.142857142857143
0.061700000000000005 -1.2857142857142858
0.0618 -1.2857142857142858
0.061900000000000004 -2.142857142857143
0.062 -0.4285714285714288
0.0621 -0.4285714285714288
0.062200000000000005 0.4285714285714284
0.0623 0.4285714285714284
0.062400000000000004 -1.2857142857142858
0.0625 -2.142857142857143
0.0626 -2.142857142857143
0.0627 -3.0
0.06280000000000001 3.0
0.0629 -3.0
0.063 -1.2857142857142858
0.0631 0.4285714285714284
0.0632 -0.4285714285714288
0.06330000000000001 1.2857142857142856
0.0634 2.1428571428571423
0.0635 -0.4285714285714288
0.0636 -1.2857142857142858
0.0637 -2.142857142857143
0.06380000000000001 -3.0
0.0639 0.4285714285714284
0.064 -2.142857142857143
0.0641 0.4285714285714284
0.06420000000000001 0.4285714285714284
0.06430000000000001 -1.2857142857142858
0.0644 -3.0
0.0645 -3.0
0.0646 1.2857142857142856
0.06470000000000001 -0.4285714285714288
0.0648 -2.142857142857143
0.0649 1.2857142857142856
0.065 1.2857142857142856
0.0651 -2.142857142857143
0.06520000000000001 3.0
0.0653 1.2857142857142856
0.0654 2.1428571428571423
0.0655 -3.0
0.0656 2.1428571428571423
0.06570000000000001 0.4285714285714284
0.0658 3.0
0.0659 -0.4285714285714288
0.066 1.2857142857142856
0.0661 -0.4285714285714288
0.06620000000000001 0.4285714285714284
0.0663 -0.4285714285714288
0.0664 2.1428571428571423
0.0665 0.4285714285714284
0.0666 3.0
0.06670000000000001 -0.4285714285714288
0.0668 3.0
0.0669 -3.0
0.067 1.2857142857142856
0.0671 -0.4285714285714288
0.06720000000000001 -0.4285714285714288
0.0673 2.1428571428571423
0.0674 -2.142857142857143
0.0675 -0.4285714285714288
0.06760000000000001 3.0
0.06770000000000001 1.2857142857142856
0.0678 1.2857142857142856
0.0679 0.4285714285714284
0.068 -3.0
0.06810000000000001 -0.4285714285714288
0.0682 2.1428571428571423
0.0683 -3.0
0.0684 -3.0
0.0685 -0.4285714285714288
0.06860000000000001 2.1428571428571423
0.0687 -2.142857142857143
0.0688 -1.2857142857142858
0.0689 -0.4285714285714288
0.069 -1.2857142857142858
0.06910000000000001 -0.4285714285714288
0.0692 3.0
0.0693 -3.0
0.0694 -0.4285714285714288
0.0695 -1.2857142857142858
0.06960000000000001 2.1428571428571423
0.0697 -3.0
0.0698 -0.4285714285714288
0.0699 2.1428571428571423
0.07 -2.142857142857143
0.07010000000000001 0.4285714285714284
0.0702 -0.4285714285714288
0.0703 -2.142857142857143
0.0704 -1.2857142857142858
0.07050000000000001 1.2857142857142856
0.07060000000000001 -2.142857142857143
0.0707 0.4285714285714284
0.0708 -2.142857142857143
0.0709 1.2857142857142856
0.07100000000000001 -0.4285714285714288
0.0711 -2.142857142857143
0.0712 -0.4285714285714288
0.0713 -1.2857142857142858
0.0714 0.4285714285714284
0.07150000000000001 1.2857142857142856
0.0716 -2.142857142857143
0.0717 3.0
0.0718 3.0
0.0719 0.4285714285714284
0.07200000000000001 -2.142857142857143
0.0721 2.1428571428571423
0.0722 0.4285714285714284
0.0723 -2.142857142857143
0.0724 -1.2857142857142858
0.07250000000000001 1.2857142857142856
0.0726 2.1428571428571423
0.0727 1.2857142857142856
0.0728 3.0
0.0729 -1.2857142857142858
0.07300000000000001 -0.4285714285714288
0.0731 -2.142857142857143
0.0732 -1.2857142857142858
0.0733 3.0
0.0734 -1.2857142857142858
0.07350000000000001 2.1428571428571423
0.0736 2.1428571428571423
0.0737 0.4285714285714284
0.0738 3.0
0.07390000000000001 -1.2857142857142858
0.07400000000000001 -1.2857142857142858
0.0741 -0.4285714285714288
0.0742 2.1428571428571423
0.0743 2.1428571428571423
0.07440000000000001 -3.0
0.0745 1.2857142857142856
0.0746 0.4285714285714284
0.0747 3.0
0.0748 -1.2857142857142858
0.07490000000000001 -3.0
0.075 -3.0
0.0751 -1.2857142857142858
0.0752 -0.4285714285714288
0.0753 1.2857142857142856
0.07540000000000001 3.0
0.0755 2.1428571428571423
0.0756 2.1428571428571423
0.0757 1.2857142857142856
0.0758 1.2857142857142856
0.07590000000000001 2.1428571428571423
0.076 3.0
0.0761 -2.142857142857143
0.0762 2.1428571428571423
0.0763 1.2857142857142856
0.07640000000000001 -0.4285714285714288
0.0765 -1.2857142857142858
0.0766 3.0
0.0767 0.4285714285714284
0.07680000000000001 -2.142857142857143
0.07690000000000001 -2.142857142857143
0.077 -1.2857142857142858
0.0771 -1.2857142857142858
0.0772 0.4285714285714284
0.07730000000000001 2.1428571428571423
0.07740000000000001 1.2857142857142856
0.0775 -0.4285714285714288
0.0776 2.1428571428571423
0.0777 0.4285714285714284
0.07780000000000001 3.0
0.0779 1.2857142857142856
0.078 -1.2857142857142858
0.0781 0.4285714285714284
0.0782 2.1428571428571423
0.07830000000000001 1.2857142857142856
0.0784 -1.2857142857142858
0.0785 -2.142857142857143
0.0786 0.4285714285714284
0.0787 -3.0
0.07880000000000001 -2.142857142857143
0.0789 -3.0
0.079 -1.2857142857142858
0.0791 -3.0
0.0792 -0.4285714285714288
0.07930000000000001 1.2857142857142856
0.0794 -1.2857142857142858
0.0795 -3.0
0.0796 -1.2857142857142858
0.07970000000000001 -0.4285714285714288
0.07980000000000001 -3.0
0.0799 -3.0
0.08 -2.142857142857143
0.0801 -3.0
0.08020000000000001 1.2857142857142856
0.08030000000000001 -3.0
0.0804 -1.2857142857142858
0.0805 3.0
0.0806 -0.4285714285714288
0.08070000000000001 0.4285714285714284
0.08080000000000001 2.1428571428571423
0.0809 1.2857142857142856
0.081 -0.4285714285714288
0.0811 -0.4285714285714288
0.08120000000000001 -3.0
0.0813 2.1428571428571423
0.0814 0.4285714285714284
0.0815 2.1428571428571423
0.0816 0.4285714285714284
0.08170000000000001 -0.4285714285714288
0.0818 2.1428571428571423
0.0819 -1.2857142857142858
0.082 0.4285714285714284
0.0821 0.4285714285714284
0.08220000000000001 2.1428571428571423
0.0823 1.2857142857142856
0.0824 -0.4285714285714288
0.0825 1.2857142857142856
0.0826 1.2857142857142856
0.08270000000000001 -2.142857142857143
0.0828 0.4285714285714284
0.0829 2.1428571428571423
0.083 1.2857142857142856
0.08310000000000001 1.2857142857142856
0.08320000000000001 -0.4285714285714288
0.0833 3.0
0.0834 -2.142857142857143
0.0835 -0.4285714285714288
0.08360000000000001 1.2857142857142856
0.08370000000000001 -0.4285714285714288
0.0838 -1.2857142857142858
0.0839 -3.0
0.084 2.1428571428571423
0.08410000000000001 -2.142857142857143
0.08420000000000001 1.2857142857142856
0.0843 1.2857142857142856
0.0844 1.2857142857142856
0.0845 2.1428571428571423
0.08460000000000001 -3.0
0.0847 -2.142857142857143
0.0848 2.1428571428571423
0.0849 3.0
0.085 1.2857142857142856
0.08510000000000001 3.0
0.0852 -2.142857142857143
0.0853 1.2857142857142856
0.0854 2.1428571428571423
0.0855 0.4285714285714284
0.08560000000000001 -1.2857142857142858
0.0857 -1.2857142857142858
0.0858 -0.4285714285714288
0.0859 2.1428571428571423
0.08600000000000001 2.1428571428571423
0.08610000000000001 2.1428571428571423
0.0862 -3.0
0.0863 3.0
0.0864 1.2857142857142856
0.08650000000000001 1.2857142857142856
0.08660000000000001 3.0
0.0867 -0.4285714285714288
0.0868 -1.2857142857142858
0.0869 -0.4285714285714288
0.08700000000000001 -1.2857142857142858
0.08710000000000001 -1.2857142857142858
0.0872 -2.142857142857143
0.0873 -0.4285714285714288
0.0874 -2.142857142857143
0.08750000000000001 -0.4285714285714288
0.0876 1.2857142857142856
0.0877 2.1428571428571423
0.0878 -1.2857142857142858
0.0879 1.2857142857142856
0.08800000000000001 -1.2857142857142858
0.0881 0.4285714285714284
0.0882 -2.142857142857143
0.0883 1.2857142857142856
0.0884 3.0
0.08850000000000001 2.1428571428571423
0.0886 -3.0
0.0887 -0.4285714285714288
0.0888 1.2857142857142856
0.0889 -3.0
0.08900000000000001 0.4285714285714284
0.0891 -1.2857142857142858
0.0892 -2.142857142857143
0.0893 3.0
0.08940000000000001 -3.0
0.08950000000000001 -2.142857142857143
0.0896 -1.2857142857142858
0.0897 -2.142857142857143
0.0898 2.1428571428571423
0.08990000000000001 -2.142857142857143
0.09000000000000001 3.0
0.0901 1.2857142857142856
0.0902 -0.4285714285714288
0.0903 2.1428571428571423
0.09040000000000001 -3.0
0.09050000000000001 0.4285714285714284
0.0906 3.0
0.0907 -2.142857142857143
0.0908 -2.142857142857143
0.09090000000000001 1.2857142857142856
0.091 0.4285714285714284
0.0911 2.1428571428571423
0.0912 2.1428571428571423
0.0913 2.1428571428571423
0.09140000000000001 -3.0
0.0915 -1.2857142857142858
0.0916 -0.4285714285714288
0.0917 3.0
0.0918 0.4285714285714284
0.09190000000000001 -2.142857142857143
0.092 2.1428571428571423
0.0921 -1.2857142857142858
0.0922 -0.4285714285714288
0.09230000000000001 0.4285714285714284
0.09240000000000001 -2.142857142857143
0.0925 2.1428571428571423
0.0926 -3.0
0.0927 0.4285714285714284
0.09280000000000001 2.1428571428571423
0.09290000000000001 -2.142857142857143
0.093 -1.2857142857142858
0.0931 0.4285714285714284
0.0932 3.0
0.09330000000000001 -0.4285714285714288
0.09340000000000001 -3.0
0.0935 0.4285714285714284
0.0936 1.2857142857142856
0.0937 0.4285714285714284
0.09380000000000001 1.2857142857142856
0.09390000000000001 -3.0
0.094 1.2857142857142856
0.0941 -1.2857142857142858
0.0942 -0.4285714285714288
0.09430000000000001 -2.142857142857143
0.0944 3.0
0.0945 -1.2857142857142858
0.0946 -2.142857142857143
0.0947 2.1428571428571423
0.09480000000000001 1.2857142857142856
0.0949 -0.4285714285714288
0.095 -1.2857142857142858
0.0951 0.4285714285714284
0.0952 -1.2857142857142858
0.09530000000000001 -2.142857142857143
0.0954 3.0
0.0955 0.4285714285714284
0.0956 -3.0
0.09570000000000001 -1.2857142857142858
0.09580000000000001 -1.2857142857142858
0.0959 0.4285714285714284
0.096 -1.2857142857142858
0.0961 3.0
0.09620000000000001 0.4285714285714284
0.09630000000000001 -3.0
0.0964 -1.2857142857142858
0.0965 2.1428571428571423
0.0966 -2.142857142857143
0.09670000000000001 -1.2857142857142858
0.09680000000000001 0.4285714285714284
0.0969 0.4285714285714284
0.097 -2.142857142857143
0.0971 -2.142857142857143
0.09720000000000001 0.4285714285714284
0.09730000000000001 1.2857142857142856
0.0974 0.4285714285714284
0.0975 -1.2857142857142858
0.0976 0.4285714285714284
0.09770000000000001 -2.142857142857143
0.0978 -1.2857142857142858
0.0979 0.4285714285714284
0.098 -3.0
0.0981 -2.142857142857143
0.09820000000000001 1.2857142857142856
0.0983 3.0
0.0984 -3.0
0.0985 -1.2857142857142858
0.09860000000000001 -2.142857142857143
0.09870000000000001 -1.2857142857142858
0.0988 -0.4285714285714288
0.0989 -2.142857142857143
0.099 -1.2857142857142858
0.09910000000000001 -3.0
0.09920000000000001 -1.2857142857142858
0.0993 0.4285714285714284
0.0994 2.1428571428571423
0.0995 0.4285714285714284
0.09960000000000001 -3.0
0.09970000000000001 -1.2857142857142858
0.0998 -2.142857142857143
0.0999 -3.0
